   frec_abs porcentaje
1         1  0.2857143
2         9  2.5714286
3         6  1.7142857
4         4  1.1428571
5         4  1.1428571
6        22  6.2857143
7        23  6.5714286
8        14  4.0000000
9        14  4.0000000
10       26  7.4285714
11       13  3.7142857
12       23  6.5714286
13       17  4.8571429
14       11  3.1428571
15       27  7.7142857
16       19  5.4285714
17       17  4.8571429
18       16  4.5714286
19       10  2.8571429
20       11  3.1428571
21       11  3.1428571
22       17  4.8571429
23        3  0.8571429
24        1  0.2857143
25       13  3.7142857
26        4  1.1428571
27        3  0.8571429
28        1  0.2857143
30        3  0.8571429
31        2  0.5714286
32        2  0.5714286
33        1  0.2857143
34        1  0.2857143
35        1  0.2857143