    fec_abs porcentaje
3         2  0.5714286
4         4  1.1428571
5         4  1.1428571
6         2  0.5714286
7         6  1.7142857
8         5  1.4285714
9         1  0.2857143
10        4  1.1428571
11        5  1.4285714
12        9  2.5714286
13        6  1.7142857
14        3  0.8571429
15        9  2.5714286
16        5  1.4285714
17        2  0.5714286
18        4  1.1428571
19        3  0.8571429
20        6  1.7142857
21        2  0.5714286
22        2  0.5714286
23        2  0.5714286
24        5  1.4285714
25       18  5.1428571
26        4  1.1428571
27        1  0.2857143
28        8  2.2857143
30       20  5.7142857
31        4  1.1428571
32       12  3.4285714
33        6  1.7142857
34       14  4.0000000
35       10  2.8571429
36        7  2.0000000
37        1  0.2857143
38        5  1.4285714
39        1  0.2857143
40        8  2.2857143
41        3  0.8571429
42        6  1.7142857
43        3  0.8571429
44        5  1.4285714
45        6  1.7142857
46        2  0.5714286
48        5  1.4285714
49        2  0.5714286
50       13  3.7142857
51        1  0.2857143
52        4  1.1428571
53        4  1.1428571
54        1  0.2857143
55        4  1.1428571
56        1  0.2857143
57        2  0.5714286
58        3  0.8571429
60        8  2.2857143
61        2  0.5714286
62        4  1.1428571
63        3  0.8571429
64        1  0.2857143
65        7  2.0000000
67        2  0.5714286
68        1  0.2857143
70        7  2.0000000
71        1  0.2857143
73        1  0.2857143
74        2  0.5714286
75        1  0.2857143
76        1  0.2857143
78        2  0.5714286
79        1  0.2857143
80        1  0.2857143
82        2  0.5714286
84        3  0.8571429
87        1  0.2857143
89        1  0.2857143
90        5  1.4285714
92        2  0.5714286
96        1  0.2857143
98        2  0.5714286
99        1  0.2857143
100       2  0.5714286
105       1  0.2857143
106       1  0.2857143
110       1  0.2857143
115       1  0.2857143
116       1  0.2857143
120       1  0.2857143
132       1  0.2857143
145       1  0.2857143
165       1  0.2857143
180       1  0.2857143